5.336079185135789160e-01
5.404934687953555361e-01
5.537938519070594312e-01
5.546045319630225068e-01
5.586265510793813061e-01
5.642699303076661455e-01
5.677950810026282102e-01
5.871755645340550611e-01
5.954366558140142818e-01
6.017442696687980153e-01
6.071679807528863604e-01
6.109232599798637420e-01
6.116685626119587882e-01
6.193752533375175284e-01
6.213470364413760105e-01
6.240562768864655885e-01
6.358111376979301843e-01
6.391480014121523334e-01
6.451234979536866199e-01
6.524117731664901276e-01
6.552543835562703034e-01
6.664339230376966627e-01
6.794832568417473739e-01
6.891486551863910126e-01
6.976398749983655501e-01
7.115914172517946445e-01
7.224859111651564803e-01
7.365708233632761726e-01
7.460897762784555187e-01
7.632631179800991594e-01
7.744583480432537526e-01
7.869323605172662273e-01
8.028269198080518754e-01
8.187607055531583855e-01
8.277880202408504084e-01
8.401129721884439405e-01
8.545692281541338309e-01
8.663973116803305174e-01
8.718027170857359787e-01
8.840178349612312081e-01
8.937616862145163488e-01
9.020358529792491531e-01
9.075903189110736680e-01
9.109297977222505782e-01
9.200041841551275246e-01
9.256841747407784649e-01
9.255795708625896845e-01
9.335922279318505934e-01
9.335399259927561477e-01
9.405719217039971713e-01
9.438355627034872297e-01
9.488487035656847368e-01
9.489402319590999335e-01
9.500987199100406899e-01
9.532106852861569335e-01
9.541547352868107179e-01
9.537310895801461852e-01
9.581322977549392439e-01
9.590737326586382672e-01
9.587965323814380270e-01
9.662260228297964160e-01
9.642751605015755789e-01
9.631140574536800614e-01
9.651564481753160951e-01
9.653368898651917274e-01
9.659122111952300749e-01
9.644399116097229774e-01
9.704834006720799433e-01
9.651747538539990900e-01
9.675231109193372925e-01
9.696831810039356903e-01
9.741366911178231947e-01
9.668301102263366920e-01
9.786608088494881397e-01
9.712051674315824723e-01
9.744714235280272918e-01
9.709933445782502615e-01
9.776226153584643974e-01
9.703108042730683724e-01
9.797146929222401157e-01
9.730017390394748444e-01
9.779233515082571548e-01
9.791367564952470071e-01
9.723453497038402338e-01
9.769034636959165185e-01
9.794793341963152766e-01
9.791236810104734234e-01
9.786111220073484551e-01
9.757292851632474173e-01
9.851619398789209781e-01
9.727323840531387766e-01
9.843434145320937301e-01
9.766210332248067560e-01
9.811556113442906346e-01
9.802743236705501184e-01
9.811373056656075287e-01
9.807267354437165796e-01
9.792439754703905486e-01
9.863465787994090128e-01
9.775206265772303782e-01
