5.777925966605211849e-01
5.758103531688437693e-01
5.807005844741693901e-01
5.912760365590554734e-01
5.994220635730069802e-01
6.012421710534917585e-01
6.015219864276467598e-01
5.957740033211731401e-01
5.954026595536029420e-01
5.982897265916133911e-01
6.075994717504151765e-01
6.058708926633454839e-01
6.091293034689261310e-01
6.139567724473384835e-01
6.200002615096954495e-01
6.297571882477542848e-01
6.267027550046417872e-01
6.332457275853502487e-01
6.434027641574810996e-01
6.523960825847617828e-01
6.614286274663633280e-01
6.711698636226938186e-01
6.811464585049490372e-01
6.886648622497678618e-01
7.016854299873167555e-01
7.073811111546960406e-01
7.188038546529113004e-01
7.302082924724434543e-01
7.473031812654453709e-01
7.596438237947671368e-01
7.751435034453902917e-01
7.908628512402097188e-01
8.026961649603159277e-01
8.199296538919180755e-01
8.311771858941670033e-01
8.443520443520443619e-01
8.575896651368349888e-01
8.676943997698715050e-01
8.766484917428313262e-01
8.842165823297898353e-01
8.951633781822461167e-01
9.026870121209743525e-01
9.076217000745302466e-01
9.120385988310516501e-01
9.218975143503445047e-01
9.257364766798729105e-01
9.282992716954980850e-01
9.357496829194942300e-01
9.346984139436970151e-01
9.400044456648229962e-01
9.438852495456269143e-01
9.500908746191765175e-01
9.478523516259365067e-01
9.504151466415616811e-01
9.522535598007295654e-01
9.529988624328247226e-01
9.543011807162750104e-01
9.576092783639953421e-01
9.598948731024202763e-01
9.585167170072830256e-01
9.657553053779468488e-01
9.637573713045410884e-01
9.636056956811673846e-01
9.651459877874972726e-01
9.654885654885655422e-01
9.665398344643627571e-01
9.650413839093084922e-01
9.696334941617960057e-01
9.654127276768785793e-01
9.678866093960433181e-01
9.706716876528197480e-01
9.745655670183972497e-01
9.674995750467448863e-01
9.788935524784581066e-01
9.702035852979249420e-01
9.745446462427594936e-01
9.703918722786647466e-01
9.779390420899854997e-01
9.692203088429504065e-01
9.792413603734358984e-01
9.730801919481164575e-01
9.775415473528681343e-01
9.795630172988663009e-01
9.724891800363498762e-01
9.764510519227500573e-01
9.793145830881679892e-01
9.796676211770551923e-01
9.783757632814236160e-01
9.760901685429986818e-01
9.850808718733247149e-01
9.735509093999660246e-01
9.839223839223839585e-01
9.766210332248067560e-01
9.818172308738346565e-01
9.807058146680788235e-01
9.809882451391885860e-01
9.804364596817427557e-01
9.789144732540958627e-01
9.872095607944664231e-01
9.772120451365734484e-01
