6.839692592620849609e-01
6.820749044418334961e-01
6.788855791091918945e-01
6.769927144050598145e-01
6.743934750556945801e-01
6.715840101242065430e-01
6.697891950607299805e-01
6.665200591087341309e-01
6.627427339553833008e-01
6.589814424514770508e-01
6.548053026199340820e-01
6.528751254081726074e-01
6.490257978439331055e-01
6.447530984878540039e-01
6.396956443786621094e-01
6.350990533828735352e-01
6.288661956787109375e-01
6.230213642120361328e-01
6.166007518768310547e-01
6.090095043182373047e-01
6.021934747695922852e-01
5.910931825637817383e-01
5.795625448226928711e-01
5.691317915916442871e-01
5.586605072021484375e-01
5.455000996589660645e-01
5.328124761581420898e-01
5.168152451515197754e-01
4.988252520561218262e-01
4.811729788780212402e-01
4.625309407711029053e-01
4.400712847709655762e-01
4.231881201267242432e-01
3.996070623397827148e-01
3.820444941520690918e-01
3.597218692302703857e-01
3.369258046150207520e-01
3.159669935703277588e-01
3.013986945152282715e-01
2.834803462028503418e-01
2.621185183525085449e-01
2.436718940734863281e-01
2.350502908229827881e-01
2.228362262248992920e-01
2.045945823192596436e-01
1.929521113634109497e-01
1.858542114496231079e-01
1.702463328838348389e-01
1.687794327735900879e-01
1.573594510555267334e-01
1.477165520191192627e-01
1.324027329683303833e-01
1.348854601383209229e-01
1.288736760616302490e-01
1.243568286299705505e-01
1.205753907561302185e-01
1.202096492052078247e-01
1.091236695647239685e-01
1.037796512246131897e-01
1.089616566896438599e-01
8.575196564197540283e-02
9.353972971439361572e-02
9.292568266391754150e-02
9.309509396553039551e-02
8.786159753799438477e-02
8.672036230564117432e-02
9.000317752361297607e-02
7.526887953281402588e-02
8.786377310752868652e-02
8.029235899448394775e-02
7.484812289476394653e-02
6.541924178600311279e-02
8.264896273612976074e-02
5.320767313241958618e-02
7.345597445964813232e-02
6.593920290470123291e-02
7.612021267414093018e-02
5.403196066617965698e-02
7.642418146133422852e-02
5.150501802563667297e-02
7.008582353591918945e-02
5.625883489847183228e-02
4.933407530188560486e-02
6.942455470561981201e-02
5.846149474382400513e-02
5.083275958895683289e-02
4.913200065493583679e-02
5.184763669967651367e-02
5.779772996902465820e-02
3.420137614011764526e-02
6.891480833292007446e-02
3.850389271974563599e-02
5.895373225212097168e-02
4.595005884766578674e-02
4.845643416047096252e-02
4.495377466082572937e-02
4.761570319533348083e-02
5.235723778605461121e-02
3.140329569578170776e-02
5.620913952589035034e-02
